title:Stremmi's Selection

// Blast Furnace - Blast Furnace PvE ()
//notes: #pve (MW: stability, handling, reload)
dimwishlist:item=52683113&perks=3891536761,3640170453


// Eyasluna - Eyasluna PvP ()
//notes: #pvp (MW: range, stability, handling)
dimwishlist:item=386864872&perks=1840239774,1885400500,3161816588,555281244,3132659494
dimwishlist:item=386864872&perks=4090651448,1885400500,3161816588,555281244,3132659494
dimwishlist:item=386864872&perks=1482024992,1885400500,3161816588,555281244,3132659494


// Eyasluna - Eyasluna PvE ()
//notes: #pve (MW: range, stability, handling)
dimwishlist:item=386864872&perks=1840239774,1885400500,3824105627,3640170453,3132659494
dimwishlist:item=386864872&perks=1840239774,1885400500,3824105627,124408337,3132659494
dimwishlist:item=386864872&perks=1840239774,1885400500,3824105627,2922950962,3132659494
dimwishlist:item=386864872&perks=1840239774,3230963543,3824105627,3640170453,3132659494
dimwishlist:item=386864872&perks=1840239774,3230963543,3824105627,124408337,3132659494
dimwishlist:item=386864872&perks=1840239774,3230963543,3824105627,2922950962,3132659494
dimwishlist:item=386864872&perks=4090651448,1885400500,3824105627,3640170453,3132659494
dimwishlist:item=386864872&perks=4090651448,1885400500,3824105627,124408337,3132659494
dimwishlist:item=386864872&perks=4090651448,1885400500,3824105627,2922950962,3132659494
dimwishlist:item=386864872&perks=4090651448,3230963543,3824105627,3640170453,3132659494
dimwishlist:item=386864872&perks=4090651448,3230963543,3824105627,124408337,3132659494
dimwishlist:item=386864872&perks=4090651448,3230963543,3824105627,2922950962,3132659494


// Eyasluna - Eyasluna PvP ()
//notes: #pvp (MW: range, stability, handling)
dimwishlist:item=386864872&perks=3161816588,555281244,3132659494


// Eyasluna - Eyasluna PvE ()
//notes: #pve (MW: range, stability, handling)
dimwishlist:item=386864872&perks=3824105627,3640170453,3132659494
dimwishlist:item=386864872&perks=3824105627,124408337,3132659494
dimwishlist:item=386864872&perks=3824105627,2922950962,3132659494


// Crimil's Dagger - Crimil's Dagger PvP ()
//notes: #pvp (MW: range, stability, handling)
dimwishlist:item=1617917863&perks=1840239774,1885400500,3161816588,555281244,3989629871
dimwishlist:item=1617917863&perks=1840239774,1885400500,3161816588,3673922083,3989629871
dimwishlist:item=1617917863&perks=1840239774,1885400500,2039302152,555281244,3989629871
dimwishlist:item=1617917863&perks=1840239774,1885400500,2039302152,3673922083,3989629871
dimwishlist:item=1617917863&perks=1840239774,3142289711,3161816588,555281244,3989629871
dimwishlist:item=1617917863&perks=1840239774,3142289711,3161816588,3673922083,3989629871
dimwishlist:item=1617917863&perks=1840239774,3142289711,2039302152,555281244,3989629871
dimwishlist:item=1617917863&perks=1840239774,3142289711,2039302152,3673922083,3989629871
dimwishlist:item=1617917863&perks=4090651448,1885400500,3161816588,555281244,3989629871
dimwishlist:item=1617917863&perks=4090651448,1885400500,3161816588,3673922083,3989629871
dimwishlist:item=1617917863&perks=4090651448,1885400500,2039302152,555281244,3989629871
dimwishlist:item=1617917863&perks=4090651448,1885400500,2039302152,3673922083,3989629871
dimwishlist:item=1617917863&perks=4090651448,3142289711,3161816588,555281244,3989629871
dimwishlist:item=1617917863&perks=4090651448,3142289711,3161816588,3673922083,3989629871
dimwishlist:item=1617917863&perks=4090651448,3142289711,2039302152,555281244,3989629871
dimwishlist:item=1617917863&perks=4090651448,3142289711,2039302152,3673922083,3989629871
dimwishlist:item=1617917863&perks=1482024992,1885400500,3161816588,555281244,3989629871
dimwishlist:item=1617917863&perks=1482024992,1885400500,3161816588,3673922083,3989629871
dimwishlist:item=1617917863&perks=1482024992,1885400500,2039302152,555281244,3989629871
dimwishlist:item=1617917863&perks=1482024992,1885400500,2039302152,3673922083,3989629871
dimwishlist:item=1617917863&perks=1482024992,3142289711,3161816588,555281244,3989629871
dimwishlist:item=1617917863&perks=1482024992,3142289711,3161816588,3673922083,3989629871
dimwishlist:item=1617917863&perks=1482024992,3142289711,2039302152,555281244,3989629871
dimwishlist:item=1617917863&perks=1482024992,3142289711,2039302152,3673922083,3989629871


// Crimil's Dagger - Crimil's Dagger PvP ()
//notes: #pvp (MW: range, stability, handling)
dimwishlist:item=1617917863&perks=3161816588,555281244,3989629871
dimwishlist:item=1617917863&perks=3161816588,3673922083,3989629871
dimwishlist:item=1617917863&perks=2039302152,555281244,3989629871
dimwishlist:item=1617917863&perks=2039302152,3673922083,3989629871


// Chain of Command - Chain of Command PvE ()
//notes: #pve (MW: stability, handling, reload)
dimwishlist:item=1716620044&perks=1840239774,1431678320,1870851715,1048183818,1050127423
dimwishlist:item=1716620044&perks=1840239774,1431678320,1870851715,1048183818,3846229553
dimwishlist:item=1716620044&perks=1840239774,1431678320,1870851715,3523296417,1050127423
dimwishlist:item=1716620044&perks=1840239774,1431678320,1870851715,3523296417,3846229553
dimwishlist:item=1716620044&perks=1840239774,1431678320,1870851715,2109543898,1050127423
dimwishlist:item=1716620044&perks=1840239774,1431678320,1870851715,2109543898,3846229553
dimwishlist:item=1716620044&perks=1840239774,1431678320,11612903,1048183818,1050127423
dimwishlist:item=1716620044&perks=1840239774,1431678320,11612903,1048183818,3846229553
dimwishlist:item=1716620044&perks=1840239774,1431678320,11612903,3523296417,1050127423
dimwishlist:item=1716620044&perks=1840239774,1431678320,11612903,3523296417,3846229553
dimwishlist:item=1716620044&perks=1840239774,1431678320,11612903,2109543898,1050127423
dimwishlist:item=1716620044&perks=1840239774,1431678320,11612903,2109543898,3846229553
dimwishlist:item=1716620044&perks=1840239774,1431678320,1820235745,1048183818,1050127423
dimwishlist:item=1716620044&perks=1840239774,1431678320,1820235745,1048183818,3846229553
dimwishlist:item=1716620044&perks=1840239774,1431678320,1820235745,3523296417,1050127423
dimwishlist:item=1716620044&perks=1840239774,1431678320,1820235745,3523296417,3846229553
dimwishlist:item=1716620044&perks=1840239774,1431678320,1820235745,2109543898,1050127423
dimwishlist:item=1716620044&perks=1840239774,1431678320,1820235745,2109543898,3846229553
dimwishlist:item=1716620044&perks=1840239774,3230963543,1870851715,1048183818,1050127423
dimwishlist:item=1716620044&perks=1840239774,3230963543,1870851715,1048183818,3846229553
dimwishlist:item=1716620044&perks=1840239774,3230963543,1870851715,3523296417,1050127423
dimwishlist:item=1716620044&perks=1840239774,3230963543,1870851715,3523296417,3846229553
dimwishlist:item=1716620044&perks=1840239774,3230963543,1870851715,2109543898,1050127423
dimwishlist:item=1716620044&perks=1840239774,3230963543,1870851715,2109543898,3846229553
dimwishlist:item=1716620044&perks=1840239774,3230963543,11612903,1048183818,1050127423
dimwishlist:item=1716620044&perks=1840239774,3230963543,11612903,1048183818,3846229553
dimwishlist:item=1716620044&perks=1840239774,3230963543,11612903,3523296417,1050127423
dimwishlist:item=1716620044&perks=1840239774,3230963543,11612903,3523296417,3846229553
dimwishlist:item=1716620044&perks=1840239774,3230963543,11612903,2109543898,1050127423
dimwishlist:item=1716620044&perks=1840239774,3230963543,11612903,2109543898,3846229553
dimwishlist:item=1716620044&perks=1840239774,3230963543,1820235745,1048183818,1050127423
dimwishlist:item=1716620044&perks=1840239774,3230963543,1820235745,1048183818,3846229553
dimwishlist:item=1716620044&perks=1840239774,3230963543,1820235745,3523296417,1050127423
dimwishlist:item=1716620044&perks=1840239774,3230963543,1820235745,3523296417,3846229553
dimwishlist:item=1716620044&perks=1840239774,3230963543,1820235745,2109543898,1050127423
dimwishlist:item=1716620044&perks=1840239774,3230963543,1820235745,2109543898,3846229553
dimwishlist:item=1716620044&perks=1840239774,1968497646,1870851715,1048183818,1050127423
dimwishlist:item=1716620044&perks=1840239774,1968497646,1870851715,1048183818,3846229553
dimwishlist:item=1716620044&perks=1840239774,1968497646,1870851715,3523296417,1050127423
dimwishlist:item=1716620044&perks=1840239774,1968497646,1870851715,3523296417,3846229553
dimwishlist:item=1716620044&perks=1840239774,1968497646,1870851715,2109543898,1050127423
dimwishlist:item=1716620044&perks=1840239774,1968497646,1870851715,2109543898,3846229553
dimwishlist:item=1716620044&perks=1840239774,1968497646,11612903,1048183818,1050127423
dimwishlist:item=1716620044&perks=1840239774,1968497646,11612903,1048183818,3846229553
dimwishlist:item=1716620044&perks=1840239774,1968497646,11612903,3523296417,1050127423
dimwishlist:item=1716620044&perks=1840239774,1968497646,11612903,3523296417,3846229553
dimwishlist:item=1716620044&perks=1840239774,1968497646,11612903,2109543898,1050127423
dimwishlist:item=1716620044&perks=1840239774,1968497646,11612903,2109543898,3846229553
dimwishlist:item=1716620044&perks=1840239774,1968497646,1820235745,1048183818,1050127423
dimwishlist:item=1716620044&perks=1840239774,1968497646,1820235745,1048183818,3846229553
dimwishlist:item=1716620044&perks=1840239774,1968497646,1820235745,3523296417,1050127423
dimwishlist:item=1716620044&perks=1840239774,1968497646,1820235745,3523296417,3846229553
dimwishlist:item=1716620044&perks=1840239774,1968497646,1820235745,2109543898,1050127423
dimwishlist:item=1716620044&perks=1840239774,1968497646,1820235745,2109543898,3846229553
dimwishlist:item=1716620044&perks=839105230,1431678320,1870851715,1048183818,1050127423
dimwishlist:item=1716620044&perks=839105230,1431678320,1870851715,1048183818,3846229553
dimwishlist:item=1716620044&perks=839105230,1431678320,1870851715,3523296417,1050127423
dimwishlist:item=1716620044&perks=839105230,1431678320,1870851715,3523296417,3846229553
dimwishlist:item=1716620044&perks=839105230,1431678320,1870851715,2109543898,1050127423
dimwishlist:item=1716620044&perks=839105230,1431678320,1870851715,2109543898,3846229553
dimwishlist:item=1716620044&perks=839105230,1431678320,11612903,1048183818,1050127423
dimwishlist:item=1716620044&perks=839105230,1431678320,11612903,1048183818,3846229553
dimwishlist:item=1716620044&perks=839105230,1431678320,11612903,3523296417,1050127423
dimwishlist:item=1716620044&perks=839105230,1431678320,11612903,3523296417,3846229553
dimwishlist:item=1716620044&perks=839105230,1431678320,11612903,2109543898,1050127423
dimwishlist:item=1716620044&perks=839105230,1431678320,11612903,2109543898,3846229553
dimwishlist:item=1716620044&perks=839105230,1431678320,1820235745,1048183818,1050127423
dimwishlist:item=1716620044&perks=839105230,1431678320,1820235745,1048183818,3846229553
dimwishlist:item=1716620044&perks=839105230,1431678320,1820235745,3523296417,1050127423
dimwishlist:item=1716620044&perks=839105230,1431678320,1820235745,3523296417,3846229553
dimwishlist:item=1716620044&perks=839105230,1431678320,1820235745,2109543898,1050127423
dimwishlist:item=1716620044&perks=839105230,1431678320,1820235745,2109543898,3846229553
dimwishlist:item=1716620044&perks=839105230,3230963543,1870851715,1048183818,1050127423
dimwishlist:item=1716620044&perks=839105230,3230963543,1870851715,1048183818,3846229553
dimwishlist:item=1716620044&perks=839105230,3230963543,1870851715,3523296417,1050127423
dimwishlist:item=1716620044&perks=839105230,3230963543,1870851715,3523296417,3846229553
dimwishlist:item=1716620044&perks=839105230,3230963543,1870851715,2109543898,1050127423
dimwishlist:item=1716620044&perks=839105230,3230963543,1870851715,2109543898,3846229553
dimwishlist:item=1716620044&perks=839105230,3230963543,11612903,1048183818,1050127423
dimwishlist:item=1716620044&perks=839105230,3230963543,11612903,1048183818,3846229553
dimwishlist:item=1716620044&perks=839105230,3230963543,11612903,3523296417,1050127423
dimwishlist:item=1716620044&perks=839105230,3230963543,11612903,3523296417,3846229553
dimwishlist:item=1716620044&perks=839105230,3230963543,11612903,2109543898,1050127423
dimwishlist:item=1716620044&perks=839105230,3230963543,11612903,2109543898,3846229553
dimwishlist:item=1716620044&perks=839105230,3230963543,1820235745,1048183818,1050127423
dimwishlist:item=1716620044&perks=839105230,3230963543,1820235745,1048183818,3846229553
dimwishlist:item=1716620044&perks=839105230,3230963543,1820235745,3523296417,1050127423
dimwishlist:item=1716620044&perks=839105230,3230963543,1820235745,3523296417,3846229553
dimwishlist:item=1716620044&perks=839105230,3230963543,1820235745,2109543898,1050127423
dimwishlist:item=1716620044&perks=839105230,3230963543,1820235745,2109543898,3846229553
dimwishlist:item=1716620044&perks=839105230,1968497646,1870851715,1048183818,1050127423
dimwishlist:item=1716620044&perks=839105230,1968497646,1870851715,1048183818,3846229553
dimwishlist:item=1716620044&perks=839105230,1968497646,1870851715,3523296417,1050127423
dimwishlist:item=1716620044&perks=839105230,1968497646,1870851715,3523296417,3846229553
dimwishlist:item=1716620044&perks=839105230,1968497646,1870851715,2109543898,1050127423
dimwishlist:item=1716620044&perks=839105230,1968497646,1870851715,2109543898,3846229553
dimwishlist:item=1716620044&perks=839105230,1968497646,11612903,1048183818,1050127423
dimwishlist:item=1716620044&perks=839105230,1968497646,11612903,1048183818,3846229553
dimwishlist:item=1716620044&perks=839105230,1968497646,11612903,3523296417,1050127423
dimwishlist:item=1716620044&perks=839105230,1968497646,11612903,3523296417,3846229553
dimwishlist:item=1716620044&perks=839105230,1968497646,11612903,2109543898,1050127423
dimwishlist:item=1716620044&perks=839105230,1968497646,11612903,2109543898,3846229553
dimwishlist:item=1716620044&perks=839105230,1968497646,1820235745,1048183818,1050127423
dimwishlist:item=1716620044&perks=839105230,1968497646,1820235745,1048183818,3846229553
dimwishlist:item=1716620044&perks=839105230,1968497646,1820235745,3523296417,1050127423
dimwishlist:item=1716620044&perks=839105230,1968497646,1820235745,3523296417,3846229553
dimwishlist:item=1716620044&perks=839105230,1968497646,1820235745,2109543898,1050127423
dimwishlist:item=1716620044&perks=839105230,1968497646,1820235745,2109543898,3846229553
dimwishlist:item=1716620044&perks=4090651448,1431678320,1870851715,1048183818,1050127423
dimwishlist:item=1716620044&perks=4090651448,1431678320,1870851715,1048183818,3846229553
dimwishlist:item=1716620044&perks=4090651448,1431678320,1870851715,3523296417,1050127423
dimwishlist:item=1716620044&perks=4090651448,1431678320,1870851715,3523296417,3846229553
dimwishlist:item=1716620044&perks=4090651448,1431678320,1870851715,2109543898,1050127423
dimwishlist:item=1716620044&perks=4090651448,1431678320,1870851715,2109543898,3846229553
dimwishlist:item=1716620044&perks=4090651448,1431678320,11612903,1048183818,1050127423
dimwishlist:item=1716620044&perks=4090651448,1431678320,11612903,1048183818,3846229553
dimwishlist:item=1716620044&perks=4090651448,1431678320,11612903,3523296417,1050127423
dimwishlist:item=1716620044&perks=4090651448,1431678320,11612903,3523296417,3846229553
dimwishlist:item=1716620044&perks=4090651448,1431678320,11612903,2109543898,1050127423
dimwishlist:item=1716620044&perks=4090651448,1431678320,11612903,2109543898,3846229553
dimwishlist:item=1716620044&perks=4090651448,1431678320,1820235745,1048183818,1050127423
dimwishlist:item=1716620044&perks=4090651448,1431678320,1820235745,1048183818,3846229553
dimwishlist:item=1716620044&perks=4090651448,1431678320,1820235745,3523296417,1050127423
dimwishlist:item=1716620044&perks=4090651448,1431678320,1820235745,3523296417,3846229553
dimwishlist:item=1716620044&perks=4090651448,1431678320,1820235745,2109543898,1050127423
dimwishlist:item=1716620044&perks=4090651448,1431678320,1820235745,2109543898,3846229553
dimwishlist:item=1716620044&perks=4090651448,3230963543,1870851715,1048183818,1050127423
dimwishlist:item=1716620044&perks=4090651448,3230963543,1870851715,1048183818,3846229553
dimwishlist:item=1716620044&perks=4090651448,3230963543,1870851715,3523296417,1050127423
dimwishlist:item=1716620044&perks=4090651448,3230963543,1870851715,3523296417,3846229553
dimwishlist:item=1716620044&perks=4090651448,3230963543,1870851715,2109543898,1050127423
dimwishlist:item=1716620044&perks=4090651448,3230963543,1870851715,2109543898,3846229553
dimwishlist:item=1716620044&perks=4090651448,3230963543,11612903,1048183818,1050127423
dimwishlist:item=1716620044&perks=4090651448,3230963543,11612903,1048183818,3846229553
dimwishlist:item=1716620044&perks=4090651448,3230963543,11612903,3523296417,1050127423
dimwishlist:item=1716620044&perks=4090651448,3230963543,11612903,3523296417,3846229553
dimwishlist:item=1716620044&perks=4090651448,3230963543,11612903,2109543898,1050127423
dimwishlist:item=1716620044&perks=4090651448,3230963543,11612903,2109543898,3846229553
dimwishlist:item=1716620044&perks=4090651448,3230963543,1820235745,1048183818,1050127423
dimwishlist:item=1716620044&perks=4090651448,3230963543,1820235745,1048183818,3846229553
dimwishlist:item=1716620044&perks=4090651448,3230963543,1820235745,3523296417,1050127423
dimwishlist:item=1716620044&perks=4090651448,3230963543,1820235745,3523296417,3846229553
dimwishlist:item=1716620044&perks=4090651448,3230963543,1820235745,2109543898,1050127423
dimwishlist:item=1716620044&perks=4090651448,3230963543,1820235745,2109543898,3846229553
dimwishlist:item=1716620044&perks=4090651448,1968497646,1870851715,1048183818,1050127423
dimwishlist:item=1716620044&perks=4090651448,1968497646,1870851715,1048183818,3846229553
dimwishlist:item=1716620044&perks=4090651448,1968497646,1870851715,3523296417,1050127423
dimwishlist:item=1716620044&perks=4090651448,1968497646,1870851715,3523296417,3846229553
dimwishlist:item=1716620044&perks=4090651448,1968497646,1870851715,2109543898,1050127423
dimwishlist:item=1716620044&perks=4090651448,1968497646,1870851715,2109543898,3846229553
dimwishlist:item=1716620044&perks=4090651448,1968497646,11612903,1048183818,1050127423
dimwishlist:item=1716620044&perks=4090651448,1968497646,11612903,1048183818,3846229553
dimwishlist:item=1716620044&perks=4090651448,1968497646,11612903,3523296417,1050127423
dimwishlist:item=1716620044&perks=4090651448,1968497646,11612903,3523296417,3846229553
dimwishlist:item=1716620044&perks=4090651448,1968497646,11612903,2109543898,1050127423
dimwishlist:item=1716620044&perks=4090651448,1968497646,11612903,2109543898,3846229553
dimwishlist:item=1716620044&perks=4090651448,1968497646,1820235745,1048183818,1050127423
dimwishlist:item=1716620044&perks=4090651448,1968497646,1820235745,1048183818,3846229553
dimwishlist:item=1716620044&perks=4090651448,1968497646,1820235745,3523296417,1050127423
dimwishlist:item=1716620044&perks=4090651448,1968497646,1820235745,3523296417,3846229553
dimwishlist:item=1716620044&perks=4090651448,1968497646,1820235745,2109543898,1050127423
dimwishlist:item=1716620044&perks=4090651448,1968497646,1820235745,2109543898,3846229553


// Chain of Command - Chain of Command PvE ()
//notes: #pve (MW: stability, handling, reload)
dimwishlist:item=1716620044&perks=1840239774,1968497646,1870851715,1048183818
dimwishlist:item=1716620044&perks=839105230,1968497646,1870851715,1048183818
dimwishlist:item=1716620044&perks=4090651448,1968497646,1870851715,1048183818


// The Helmsman - The Helmsman PVE ()
dimwishlist:item=2325078119&perks=1840239774,106909392,2458610193,654512643
dimwishlist:item=2325078119&perks=1840239774,106909392,2458610193,1089671869
dimwishlist:item=2325078119&perks=1840239774,106909392,2458610193,1546637391
dimwishlist:item=2325078119&perks=1840239774,106909392,3978468247,654512643
dimwishlist:item=2325078119&perks=1840239774,106909392,3978468247,1089671869
dimwishlist:item=2325078119&perks=1840239774,106909392,3978468247,1546637391
dimwishlist:item=2325078119&perks=1840239774,106909392,3038247973,654512643
dimwishlist:item=2325078119&perks=1840239774,106909392,3038247973,1089671869
dimwishlist:item=2325078119&perks=1840239774,106909392,3038247973,1546637391
dimwishlist:item=2325078119&perks=1840239774,1087426260,2458610193,654512643
dimwishlist:item=2325078119&perks=1840239774,1087426260,2458610193,1089671869
dimwishlist:item=2325078119&perks=1840239774,1087426260,2458610193,1546637391
dimwishlist:item=2325078119&perks=1840239774,1087426260,3978468247,654512643
dimwishlist:item=2325078119&perks=1840239774,1087426260,3978468247,1089671869
dimwishlist:item=2325078119&perks=1840239774,1087426260,3978468247,1546637391
dimwishlist:item=2325078119&perks=1840239774,1087426260,3038247973,654512643
dimwishlist:item=2325078119&perks=1840239774,1087426260,3038247973,1089671869
dimwishlist:item=2325078119&perks=1840239774,1087426260,3038247973,1546637391
dimwishlist:item=2325078119&perks=1840239774,3230963543,2458610193,654512643
dimwishlist:item=2325078119&perks=1840239774,3230963543,2458610193,1089671869
dimwishlist:item=2325078119&perks=1840239774,3230963543,2458610193,1546637391
dimwishlist:item=2325078119&perks=1840239774,3230963543,3978468247,654512643
dimwishlist:item=2325078119&perks=1840239774,3230963543,3978468247,1089671869
dimwishlist:item=2325078119&perks=1840239774,3230963543,3978468247,1546637391
dimwishlist:item=2325078119&perks=1840239774,3230963543,3038247973,654512643
dimwishlist:item=2325078119&perks=1840239774,3230963543,3038247973,1089671869
dimwishlist:item=2325078119&perks=1840239774,3230963543,3038247973,1546637391
dimwishlist:item=2325078119&perks=4090651448,106909392,2458610193,654512643
dimwishlist:item=2325078119&perks=4090651448,106909392,2458610193,1089671869
dimwishlist:item=2325078119&perks=4090651448,106909392,2458610193,1546637391
dimwishlist:item=2325078119&perks=4090651448,106909392,3978468247,654512643
dimwishlist:item=2325078119&perks=4090651448,106909392,3978468247,1089671869
dimwishlist:item=2325078119&perks=4090651448,106909392,3978468247,1546637391
dimwishlist:item=2325078119&perks=4090651448,106909392,3038247973,654512643
dimwishlist:item=2325078119&perks=4090651448,106909392,3038247973,1089671869
dimwishlist:item=2325078119&perks=4090651448,106909392,3038247973,1546637391
dimwishlist:item=2325078119&perks=4090651448,1087426260,2458610193,654512643
dimwishlist:item=2325078119&perks=4090651448,1087426260,2458610193,1089671869
dimwishlist:item=2325078119&perks=4090651448,1087426260,2458610193,1546637391
dimwishlist:item=2325078119&perks=4090651448,1087426260,3978468247,654512643
dimwishlist:item=2325078119&perks=4090651448,1087426260,3978468247,1089671869
dimwishlist:item=2325078119&perks=4090651448,1087426260,3978468247,1546637391
dimwishlist:item=2325078119&perks=4090651448,1087426260,3038247973,654512643
dimwishlist:item=2325078119&perks=4090651448,1087426260,3038247973,1089671869
dimwishlist:item=2325078119&perks=4090651448,1087426260,3038247973,1546637391
dimwishlist:item=2325078119&perks=4090651448,3230963543,2458610193,654512643
dimwishlist:item=2325078119&perks=4090651448,3230963543,2458610193,1089671869
dimwishlist:item=2325078119&perks=4090651448,3230963543,2458610193,1546637391
dimwishlist:item=2325078119&perks=4090651448,3230963543,3978468247,654512643
dimwishlist:item=2325078119&perks=4090651448,3230963543,3978468247,1089671869
dimwishlist:item=2325078119&perks=4090651448,3230963543,3978468247,1546637391
dimwishlist:item=2325078119&perks=4090651448,3230963543,3038247973,654512643
dimwishlist:item=2325078119&perks=4090651448,3230963543,3038247973,1089671869
dimwishlist:item=2325078119&perks=4090651448,3230963543,3038247973,1546637391
dimwishlist:item=2325078119&perks=1482024992,106909392,2458610193,654512643
dimwishlist:item=2325078119&perks=1482024992,106909392,2458610193,1089671869
dimwishlist:item=2325078119&perks=1482024992,106909392,2458610193,1546637391
dimwishlist:item=2325078119&perks=1482024992,106909392,3978468247,654512643
dimwishlist:item=2325078119&perks=1482024992,106909392,3978468247,1089671869
dimwishlist:item=2325078119&perks=1482024992,106909392,3978468247,1546637391
dimwishlist:item=2325078119&perks=1482024992,106909392,3038247973,654512643
dimwishlist:item=2325078119&perks=1482024992,106909392,3038247973,1089671869
dimwishlist:item=2325078119&perks=1482024992,106909392,3038247973,1546637391
dimwishlist:item=2325078119&perks=1482024992,1087426260,2458610193,654512643
dimwishlist:item=2325078119&perks=1482024992,1087426260,2458610193,1089671869
dimwishlist:item=2325078119&perks=1482024992,1087426260,2458610193,1546637391
dimwishlist:item=2325078119&perks=1482024992,1087426260,3978468247,654512643
dimwishlist:item=2325078119&perks=1482024992,1087426260,3978468247,1089671869
dimwishlist:item=2325078119&perks=1482024992,1087426260,3978468247,1546637391
dimwishlist:item=2325078119&perks=1482024992,1087426260,3038247973,654512643
dimwishlist:item=2325078119&perks=1482024992,1087426260,3038247973,1089671869
dimwishlist:item=2325078119&perks=1482024992,1087426260,3038247973,1546637391
dimwishlist:item=2325078119&perks=1482024992,3230963543,2458610193,654512643
dimwishlist:item=2325078119&perks=1482024992,3230963543,2458610193,1089671869
dimwishlist:item=2325078119&perks=1482024992,3230963543,2458610193,1546637391
dimwishlist:item=2325078119&perks=1482024992,3230963543,3978468247,654512643
dimwishlist:item=2325078119&perks=1482024992,3230963543,3978468247,1089671869
dimwishlist:item=2325078119&perks=1482024992,3230963543,3978468247,1546637391
dimwishlist:item=2325078119&perks=1482024992,3230963543,3038247973,654512643
dimwishlist:item=2325078119&perks=1482024992,3230963543,3038247973,1089671869
dimwishlist:item=2325078119&perks=1482024992,3230963543,3038247973,1546637391


// The Helmsman - The Helmsman PVP ()
dimwishlist:item=2325078119&perks=1840239774,3142289711,957782887,47981717
dimwishlist:item=2325078119&perks=1840239774,3142289711,957782887,1194056669
dimwishlist:item=2325078119&perks=1840239774,3142289711,3978468247,47981717
dimwishlist:item=2325078119&perks=1840239774,3142289711,3978468247,1194056669
dimwishlist:item=2325078119&perks=1840239774,106909392,957782887,47981717
dimwishlist:item=2325078119&perks=1840239774,106909392,957782887,1194056669
dimwishlist:item=2325078119&perks=1840239774,106909392,3978468247,47981717
dimwishlist:item=2325078119&perks=1840239774,106909392,3978468247,1194056669
dimwishlist:item=2325078119&perks=1840239774,3230963543,957782887,47981717
dimwishlist:item=2325078119&perks=1840239774,3230963543,957782887,1194056669
dimwishlist:item=2325078119&perks=1840239774,3230963543,3978468247,47981717
dimwishlist:item=2325078119&perks=1840239774,3230963543,3978468247,1194056669
dimwishlist:item=2325078119&perks=4090651448,3142289711,957782887,47981717
dimwishlist:item=2325078119&perks=4090651448,3142289711,957782887,1194056669
dimwishlist:item=2325078119&perks=4090651448,3142289711,3978468247,47981717
dimwishlist:item=2325078119&perks=4090651448,3142289711,3978468247,1194056669
dimwishlist:item=2325078119&perks=4090651448,106909392,957782887,47981717
dimwishlist:item=2325078119&perks=4090651448,106909392,957782887,1194056669
dimwishlist:item=2325078119&perks=4090651448,106909392,3978468247,47981717
dimwishlist:item=2325078119&perks=4090651448,106909392,3978468247,1194056669
dimwishlist:item=2325078119&perks=4090651448,3230963543,957782887,47981717
dimwishlist:item=2325078119&perks=4090651448,3230963543,957782887,1194056669
dimwishlist:item=2325078119&perks=4090651448,3230963543,3978468247,47981717
dimwishlist:item=2325078119&perks=4090651448,3230963543,3978468247,1194056669
dimwishlist:item=2325078119&perks=1482024992,3142289711,957782887,47981717
dimwishlist:item=2325078119&perks=1482024992,3142289711,957782887,1194056669
dimwishlist:item=2325078119&perks=1482024992,3142289711,3978468247,47981717
dimwishlist:item=2325078119&perks=1482024992,3142289711,3978468247,1194056669
dimwishlist:item=2325078119&perks=1482024992,106909392,957782887,47981717
dimwishlist:item=2325078119&perks=1482024992,106909392,957782887,1194056669
dimwishlist:item=2325078119&perks=1482024992,106909392,3978468247,47981717
dimwishlist:item=2325078119&perks=1482024992,106909392,3978468247,1194056669
dimwishlist:item=2325078119&perks=1482024992,3230963543,957782887,47981717
dimwishlist:item=2325078119&perks=1482024992,3230963543,957782887,1194056669
dimwishlist:item=2325078119&perks=1482024992,3230963543,3978468247,47981717
dimwishlist:item=2325078119&perks=1482024992,3230963543,3978468247,1194056669


// Blast Furnace - Blast Furnace ()
//notes: #pve (MW: stability, handling, reload)
dimwishlist:item=2631356658&perks=839105230,106909392,3891536761,3640170453,2489430594
dimwishlist:item=2631356658&perks=839105230,106909392,3891536761,3640170453,2327629476
dimwishlist:item=2631356658&perks=839105230,3230963543,3891536761,3640170453,2489430594
dimwishlist:item=2631356658&perks=839105230,3230963543,3891536761,3640170453,2327629476
dimwishlist:item=2631356658&perks=1840239774,106909392,3891536761,3640170453,2489430594
dimwishlist:item=2631356658&perks=1840239774,106909392,3891536761,3640170453,2327629476
dimwishlist:item=2631356658&perks=1840239774,3230963543,3891536761,3640170453,2489430594
dimwishlist:item=2631356658&perks=1840239774,3230963543,3891536761,3640170453,2327629476


// High Albedo - High Albedo ()
//notes: #pve (MW: velocity, reload)
dimwishlist:item=2662459958&perks=3525010810,2822142346,1517798362,3891536761
dimwishlist:item=2662459958&perks=3525010810,2822142346,3300816228,3891536761
dimwishlist:item=2662459958&perks=3525010810,2822142346,951095735,3891536761
dimwishlist:item=2662459958&perks=3525010810,2822142346,1556840489,3891536761
dimwishlist:item=2662459958&perks=3525010810,1380253176,1517798362,3891536761
dimwishlist:item=2662459958&perks=3525010810,1380253176,3300816228,3891536761
dimwishlist:item=2662459958&perks=3525010810,1380253176,951095735,3891536761
dimwishlist:item=2662459958&perks=3525010810,1380253176,1556840489,3891536761
dimwishlist:item=2662459958&perks=981914802,2822142346,1517798362,3891536761
dimwishlist:item=2662459958&perks=981914802,2822142346,3300816228,3891536761
dimwishlist:item=2662459958&perks=981914802,2822142346,951095735,3891536761
dimwishlist:item=2662459958&perks=981914802,2822142346,1556840489,3891536761
dimwishlist:item=2662459958&perks=981914802,1380253176,1517798362,3891536761
dimwishlist:item=2662459958&perks=981914802,1380253176,3300816228,3891536761
dimwishlist:item=2662459958&perks=981914802,1380253176,951095735,3891536761
dimwishlist:item=2662459958&perks=981914802,1380253176,1556840489,3891536761
dimwishlist:item=2662459958&perks=3798852852,2822142346,1517798362,3891536761
dimwishlist:item=2662459958&perks=3798852852,2822142346,3300816228,3891536761
dimwishlist:item=2662459958&perks=3798852852,2822142346,951095735,3891536761
dimwishlist:item=2662459958&perks=3798852852,2822142346,1556840489,3891536761
dimwishlist:item=2662459958&perks=3798852852,1380253176,1517798362,3891536761
dimwishlist:item=2662459958&perks=3798852852,1380253176,3300816228,3891536761
dimwishlist:item=2662459958&perks=3798852852,1380253176,951095735,3891536761
dimwishlist:item=2662459958&perks=3798852852,1380253176,1556840489,3891536761


// Igneous Hammer - Igneous Hammer PvP (pvp)
//notes: #pvp (MW: range, stability, handling) tags:pvp
dimwishlist:item=2776092652&perks=3161816588,555281244
dimwishlist:item=2776092652&perks=3161816588,3673922083


// Igneous Hammer - Igneous Hammer PvP ()
//notes: #pvp (MW: range, stability, handling)
dimwishlist:item=2776092652&perks=1840239774,1885400500,3161816588,555281244,65797256
dimwishlist:item=2776092652&perks=1840239774,1885400500,3161816588,555281244,1673863459
dimwishlist:item=2776092652&perks=1840239774,1885400500,3161816588,3673922083,65797256
dimwishlist:item=2776092652&perks=1840239774,1885400500,3161816588,3673922083,1673863459
dimwishlist:item=2776092652&perks=4090651448,1885400500,3161816588,555281244,65797256
dimwishlist:item=2776092652&perks=4090651448,1885400500,3161816588,555281244,1673863459
dimwishlist:item=2776092652&perks=4090651448,1885400500,3161816588,3673922083,65797256
dimwishlist:item=2776092652&perks=4090651448,1885400500,3161816588,3673922083,1673863459
dimwishlist:item=2776092652&perks=1482024992,1885400500,3161816588,555281244,65797256
dimwishlist:item=2776092652&perks=1482024992,1885400500,3161816588,555281244,1673863459
dimwishlist:item=2776092652&perks=1482024992,1885400500,3161816588,3673922083,65797256
dimwishlist:item=2776092652&perks=1482024992,1885400500,3161816588,3673922083,1673863459


// Igneous Hammer - Igneous Hammer PvE ()
//notes: #pve (MW: stability, handling, reload)
dimwishlist:item=2776092652&perks=1840239774,3230963543,3824105627,4293542123
dimwishlist:item=2776092652&perks=1840239774,3230963543,3824105627,4104185692
dimwishlist:item=2776092652&perks=1840239774,3230963543,3017780555,4293542123
dimwishlist:item=2776092652&perks=1840239774,3230963543,3017780555,4104185692
dimwishlist:item=2776092652&perks=1840239774,1885400500,3824105627,4293542123
dimwishlist:item=2776092652&perks=1840239774,1885400500,3824105627,4104185692
dimwishlist:item=2776092652&perks=1840239774,1885400500,3017780555,4293542123
dimwishlist:item=2776092652&perks=1840239774,1885400500,3017780555,4104185692
dimwishlist:item=2776092652&perks=1840239774,1431678320,3824105627,4293542123
dimwishlist:item=2776092652&perks=1840239774,1431678320,3824105627,4104185692
dimwishlist:item=2776092652&perks=1840239774,1431678320,3017780555,4293542123
dimwishlist:item=2776092652&perks=1840239774,1431678320,3017780555,4104185692
dimwishlist:item=2776092652&perks=4090651448,3230963543,3824105627,4293542123
dimwishlist:item=2776092652&perks=4090651448,3230963543,3824105627,4104185692
dimwishlist:item=2776092652&perks=4090651448,3230963543,3017780555,4293542123
dimwishlist:item=2776092652&perks=4090651448,3230963543,3017780555,4104185692
dimwishlist:item=2776092652&perks=4090651448,1885400500,3824105627,4293542123
dimwishlist:item=2776092652&perks=4090651448,1885400500,3824105627,4104185692
dimwishlist:item=2776092652&perks=4090651448,1885400500,3017780555,4293542123
dimwishlist:item=2776092652&perks=4090651448,1885400500,3017780555,4104185692
dimwishlist:item=2776092652&perks=4090651448,1431678320,3824105627,4293542123
dimwishlist:item=2776092652&perks=4090651448,1431678320,3824105627,4104185692
dimwishlist:item=2776092652&perks=4090651448,1431678320,3017780555,4293542123
dimwishlist:item=2776092652&perks=4090651448,1431678320,3017780555,4104185692


